13,11
17,16
19,16
19,17
19,18
20,17
21,19
25,23
27,23
27,25
28,27
29,25
29,27
31,23
31,25
31,26
31,27
31,28
31,29
31,30
32,27
32,29
32,31
33,26
33,28
34,25
35,31
35,34
36,31
37,29
37,32
37,35
37,36
40,29
40,37
41,32
41,37
43,24
43,34
43,37
43,39
43,40
43,41
44,37
44,41
44,43
45,37
45,41
45,43
46,37
46,41
46,43
46,45
47,35
47,36
47,37
47,40
47,41
47,43
47,44
47,45
47,46
48,41
48,43
49,36
49,37
49,39
49,41
49,43
49,45
49,46
49,47
49,48
50,41
50,43
50,47
51,43
51,47
51,50
52,37
52,41
52,43
52,47
53,39
53,41
53,45
53,47
53,48
53,49
53,50
53,51
53,52
54,29
54,41
54,43
54,49
55,39
55,41
55,43
55,46
55,47
55,48
55,49
56,47
56,53
56,55
57,44
57,46
57,47
57,52
57,53
58,31
59,38
59,43
59,44
59,46
59,47
59,49
59,50
59,51
59,52
59,53
59,55
59,56
60,41
61,43
61,44
61,45
61,50
61,51
61,52
61,53
61,54
61,55
61,58
61,59
62,53
63,53
63,59
63,61
64,47
64,53
64,59
64,61
64,63
65,53
65,59
65,63
66,49
66,53
67,53
67,59
67,61
67,63
67,64
67,65
67,66
68,53
68,59
68,61
68,63
68,65
68,67
69,41
69,43
69,58
69,59
69,61
69,67
69,68
70,59
70,61
71,51
71,53
71,56
71,61
71,62
71,63
71,64
71,65
71,67
71,68
71,69
71,70
72,59
72,61
72,65
72,67
72,71
73,51
73,56
73,58
73,59
73,60
73,61
73,63
73,64
73,65
73,67
73,68
73,71
73,72
74,51
74,67
74,69
75,58
75,59
75,61
75,64
75,67
75,68
75,71
76,53
76,59
76,61
76,63
76,65
76,67
76,71
76,73
76,75
77,58
77,59
77,65
77,67
77,68
77,69
77,72
77,73
77,75
77,76
78,53
78,67
78,71
78,73
79,56
79,57
79,58
79,59
79,63
79,64
79,66
79,67
79,70
79,71
79,72
79,73
79,76
79,77
80,59
80,61
80,63
80,67
80,71
80,73
80,77
80,79
81,53
81,61
81,64
81,68
81,70
81,71
81,73
81,77
81,79
81,80
82,51
82,53
82,59
82,65
82,67
82,73
82,81
83,60
83,61
83,63
83,64
83,66
83,67
83,68
83,69
83,71
83,72
83,73
83,74
83,75
83,76
83,78
83,79
83,80
83,81
83,82
84,65
84,67
84,71
84,73
84,79
84,83
85,64
85,67
85,71
85,72
85,73
85,76
85,77
85,81
85,83
85,84
86,61
86,63
86,65
86,67
86,69
86,73
86,75
86,79
86,81
86,83
87,64
87,67
87,68
87,71
87,73
87,74
87,76
87,77
87,79
87,80
87,82
87,83
87,85
87,86
88,51
88,63
88,71
88,73
88,81
88,83
88,85
89,53
89,56
89,58
89,64
89,67
89,69
89,71
89,72
89,73
89,74
89,77
89,78
89,79
89,80
89,81
89,82
89,83
89,85
89,86
89,87
89,88
90,71
90,79
91,51
91,64
91,67
91,71
91,72
91,73
91,75
91,76
91,79
91,80
91,83
91,85
91,87
91,90
92,65
92,67
92,75
92,79
92,81
92,83
92,85
92,87
92,89
92,91
93,73
93,79
93,80
93,83
93,85
93,88
93,89
93,91
94,67
94,71
94,73
94,75
94,81
94,83
94,85
94,89
95,56
95,77
95,79
95,81
95,86
95,89
96,65
96,71
96,73
96,79
96,83
96,85
96,95
97,64
97,72
97,79
97,80
97,81
97,83
97,85
97,87
97,88
97,89
97,91
97,92
97,94
98,67
98,71
98,73
98,75
98,79
98,81
98,83
98,85
98,87
98,89
98,93
99,56
99,67
99,73
99,76
99,79
99,80
99,83
99,85
99,86
99,89
99,91
99,95
99,97
100,71
100,81
100,83
100,97
100,99
101,72
101,73
101,75
101,80
101,83
101,86
101,87
101,89
101,90
101,92
101,93
101,94
101,95
101,97
101,98
101,99
101,100
102,53
102,67
102,89
103,61
103,67
103,71
103,76
103,78
103,82
103,83
103,84
103,85
103,88
103,89
103,90
103,91
103,92
103,96
103,97
103,99
103,100
103,101
104,73
104,75
104,77
104,79
104,81
104,83
104,87
104,89
104,95
104,97
104,99
104,101
105,89
105,94
105,101
105,104
106,63
106,79
106,89
106,93
106,99
106,101
106,103
107,79
107,85
107,88
107,89
107,92
107,96
107,97
107,98
107,99
107,100
107,101
107,103
107,104
108,83
108,85
108,89
108,97
108,101
108,103
108,107
109,65
109,70
109,80
109,81
109,85
109,88
109,89
109,91
109,92
109,95
109,96
109,97
109,99
109,100
109,101
109,103
109,104
109,105
109,106
109,107
109,108
110,71
110,81
110,89
110,101
111,76
111,79
111,88
111,89
111,92
111,94
111,95
111,98
111,100
111,101
111,104
111,106
111,107
112,53
112,85
112,89
112,93
112,97
112,99
112,101
112,103
112,107
112,111
113,82
113,85
113,89
113,92
113,97
113,98
113,100
113,101
113,103
113,107
113,108
113,109
113,112
114,65
114,71
114,85
114,101
114,103
114,107
115,76
115,79
115,84
115,86
115,88
115,89
115,91
115,94
115,97
115,98
115,101
115,103
115,104
115,107
115,108
115,109
115,111
115,112
115,113
115,114
116,89
116,95
116,97
116,99
116,101
116,103
116,105
116,107
116,109
116,111
116,113
116,115
117,88
117,92
117,97
117,100
117,101
117,103
117,107
117,109
117,112
117,113
117,115
117,116
118,83
118,91
118,99
118,101
118,117
119,87
119,89
119,92
119,95
119,97
119,99
119,100
119,101
119,103
119,104
119,107
119,108
119,109
119,111
119,113
119,116
119,117
119,118
120,89
120,101
120,107
120,109
120,119
121,89
121,92
121,95
121,97
121,100
121,101
121,103
121,105
121,107
121,108
121,109
121,111
121,112
121,113
121,114
121,115
121,116
121,117
121,119
121,120
122,85
122,89
122,93
122,97
122,101
122,107
122,111
122,115
123,88
123,97
123,100
123,101
123,103
123,104
123,106
123,107
123,109
123,113
123,115
123,116
123,119
123,121
124,91
124,97
124,99
124,101
124,103
124,105
124,107
124,109
124,113
124,115
124,117
124,119
124,121
124,123
125,88
125,89
125,97
125,101
125,103
125,104
125,106
125,107
125,108
125,109
125,112
125,113
125,116
125,117
125,119
125,121
125,123
125,124
126,79
126,95
126,97
126,101
126,107
126,109
126,113
126,121
126,125
127,90
127,92
127,97
127,99
127,100
127,101
127,103
127,106
127,107
127,108
127,109
127,110
127,111
127,112
127,113
127,114
127,115
127,116
127,117
127,119
127,121
127,123
127,124
127,125
128,99
128,101
128,103
128,107
128,109
128,113
128,115
128,117
128,119
128,121
128,123
128,125
128,127
129,100
129,101
129,103
129,106
129,107
129,109
129,112
129,113
129,115
129,116
129,119
129,121
129,122
129,125
129,127
129,128
130,71
130,79
130,97
130,103
130,107
130,109
130,113
130,123
131,82
131,91
131,97
131,99
131,103
131,104
131,105
131,107
131,108
131,109
131,112
131,113
131,115
131,116
131,117
131,118
131,119
131,120
131,121
131,123
131,124
131,125
131,127
131,128
131,129
132,71
132,97
132,101
132,107
132,109
132,113
132,115
132,125
132,127
132,131
133,74
133,93
133,104
133,107
133,109
133,113
133,115
133,116
133,117
133,121
133,124
133,125
133,127
133,128
133,129
133,131
133,132
134,89
134,95
134,97
134,99
134,103
134,105
134,107
134,109
134,113
134,115
134,117
134,121
134,123
134,125
134,127
134,129
134,131
135,97
135,101
135,103
135,104
135,107
135,109
135,112
135,113
135,116
135,118
135,119
135,121
135,124
135,127
135,128
135,133
135,134
136,97
136,99
136,103
136,105
136,107
136,109
136,111
136,113
136,115
136,117
136,121
136,123
136,127
136,129
136,131
136,133
136,135
137,77
137,97
137,100
137,101
137,106
137,107
137,108
137,109
137,111
137,112
137,113
137,114
137,115
137,116
137,117
137,119
137,121
137,123
137,124
137,125
137,126
137,127
137,128
137,129
137,130
137,131
137,132
137,134
137,135
137,136
138,67
138,107
138,109
138,113
138,121
138,125
139,95
139,97
139,100
139,101
139,103
139,105
139,106
139,107
139,108
139,109
139,110
139,111
139,112
139,113
139,114
139,115
139,116
139,117
139,119
139,120
139,121
139,122
139,123
139,124
139,125
139,127
139,128
139,131
139,132
139,133
139,135
139,136
139,137
140,79
140,99
140,109
140,113
140,117
140,121
140,127
140,129
140,131
140,137
140,139
141,88
141,100
141,103
141,104
141,106
141,109
141,116
141,118
141,119
141,121
141,124
141,127
141,128
141,130
141,131
141,133
141,137
141,139
141,140
142,97
142,99
142,107
142,115
142,119
142,121
142,125
142,127
142,129
142,131
142,135
142,137
143,85
143,97
143,100
143,103
143,107
143,108
143,109
143,111
143,114
143,115
143,116
143,119
143,123
143,124
143,125
143,126
143,127
143,128
143,131
143,133
143,134
143,135
143,136
143,137
143,139
143,140
143,141
143,142
144,77
144,103
144,107
144,113
144,121
144,125
144,127
144,131
144,137
144,139
145,76
145,103
145,107
145,108
145,109
145,111
145,112
145,113
145,117
145,121
145,122
145,123
145,126
145,127
145,128
145,129
145,131
145,132
145,133
145,134
145,136
145,137
145,138
145,139
145,141
145,142
145,143
145,144
146,91
146,103
146,105
146,107
146,109
146,113
146,115
146,117
146,119
146,121
146,125
146,127
146,129
146,137
146,139
146,141
146,145
147,79
147,107
147,113
147,115
147,116
147,124
147,125
147,128
147,131
147,136
147,137
147,139
147,143
148,67
148,79
148,89
148,97
148,103
148,109
148,113
148,115
148,117
148,119
148,121
148,125
148,127
148,129
148,131
148,135
148,137
148,139
148,143
148,147
149,88
149,96
149,97
149,99
149,100
149,104
149,108
149,111
149,113
149,116
149,117
149,118
149,121
149,124
149,125
149,126
149,127
149,128
149,130
149,131
149,132
149,133
149,134
149,135
149,136
149,137
149,139
149,141
149,142
149,143
149,144
149,145
149,146
149,147
149,148
150,97
150,101
150,109
150,113
150,119
150,121
150,127
150,133
150,137
150,139
150,143
151,100
151,104
151,106
151,107
151,108
151,109
151,111
151,112
151,113
151,115
151,116
151,117
151,119
151,120
151,121
151,123
151,124
151,125
151,126
151,127
151,128
151,129
151,131
151,132
151,134
151,135
151,136
151,137
151,139
151,140
151,141
151,143
151,144
151,145
151,148
151,149
151,150
152,107
152,109
152,121
152,123
152,125
152,127
152,131
152,135
152,137
152,139
152,147
152,149
152,151
153,97
153,100
153,101
153,109
153,112
153,121
153,124
153,125
153,127
153,128
153,131
153,134
153,137
153,139
153,140
153,145
153,146
153,149
153,151
153,152
154,113
154,117
154,125
154,127
154,129
154,131
154,135
154,137
154,141
154,145
154,149
154,153
155,97
155,103
155,109
155,111
155,113
155,114
155,116
155,119
155,121
155,126
155,128
155,131
155,134
155,136
155,139
155,141
155,144
155,146
155,148
155,149
155,151
155,153
155,154
156,97
156,109
156,115
156,119
156,125
156,127
156,131
156,137
156,139
156,145
156,149
156,151
156,155
157,88
157,91
157,97
157,107
157,114
157,116
157,125
157,127
157,128
157,129
157,131
157,133
157,134
157,135
157,136
157,137
157,139
157,140
157,142
157,144
157,148
157,149
157,151
157,152
157,153
157,156
158,109
158,113
158,115
158,117
158,123
158,125
158,127
158,129
158,131
158,135
158,137
158,141
158,143
158,145
158,151
158,155
159,101
159,122
159,124
159,125
159,127
159,133
159,136
159,137
159,139
159,140
159,145
159,148
159,151
159,154
159,157
160,91
160,97
160,109
160,111
160,119
160,121
160,129
160,131
160,137
160,139
160,141
160,143
160,149
160,153
160,157
161,100
161,106
161,124
161,125
161,127
161,128
161,129
161,131
161,132
161,136
161,137
161,139
161,142
161,143
161,145
161,146
161,148
161,149
161,151
161,152
161,153
161,155
161,157
161,159
161,160
162,115
162,119
162,121
162,125
162,127
162,137
162,139
162,143
162,151
163,103
163,108
163,109
163,113
163,116
163,120
163,121
163,127
163,128
163,129
163,130
163,131
163,134
163,137
163,138
163,139
163,140
163,143
163,144
163,145
163,149
163,150
163,151
163,152
163,153
163,157
163,158
163,160
163,161
164,79
164,85
164,119
164,131
164,133
164,137
164,139
164,143
164,145
164,149
164,151
164,153
164,155
164,157
164,159
164,161
164,163
165,89
165,97
165,137
165,149
165,151
165,152
165,158
165,163
166,97
166,99
166,101
166,103
166,113
166,123
166,129
166,131
166,133
166,147
166,153
167,99
167,104
167,119
167,121
167,123
167,124
167,126
167,127
167,130
167,131
167,132
167,134
167,135
167,136
167,140
167,141
167,142
167,143
167,144
167,145
167,147
167,148
167,149
167,151
167,153
167,156
167,157
167,159
167,160
167,161
167,162
167,163
167,164
167,165
168,121
168,127
168,131
168,145
168,151
168,157
168,167
169,100
169,112
169,116
169,119
169,120
169,121
169,124
169,125
169,126
169,128
169,135
169,136
169,137
169,138
169,139
169,144
169,145
169,148
169,149
169,151
169,152
169,153
169,155
169,157
169,160
169,161
169,163
169,164
169,167
170,117
170,121
170,123
170,137
170,139
170,149
170,151
171,112
171,113
171,116
171,131
171,139
171,142
171,143
171,145
171,148
171,149
171,151
171,155
171,157
171,160
171,161
171,163
171,164
171,167
171,169
172,107
172,113
172,127
172,137
172,139
172,143
172,149
172,151
172,153
172,157
172,161
172,163
172,167
172,169
172,171
173,97
173,123
173,125
173,128
173,129
173,133
173,135
173,137
173,139
173,140
173,141
173,143
173,144
173,145
173,148
173,149
173,151
173,152
173,153
173,156
173,157
173,158
173,159
173,160
173,161
173,162
173,163
173,164
173,165
173,167
173,169
173,171
173,172
174,97
174,121
174,131
174,137
174,139
174,151
174,155
174,157
175,104
175,109
175,111
175,121
175,129
175,136
175,139
175,143
175,144
175,148
175,149
175,151
175,153
175,157
175,159
175,163
175,164
175,167
175,169
175,171
175,172
175,173
176,109
176,127
176,131
176,133
176,137
176,145
176,147
176,149
176,151
176,153
176,155
176,157
176,161
176,163
176,167
176,169
176,171
176,173
176,175
177,127
177,128
177,130
177,131
177,139
177,148
177,149
177,151
177,152
177,157
177,158
177,160
177,163
177,167
177,169
177,172
177,173
177,176
178,111
178,121
178,131
178,135
178,139
178,143
178,149
178,151
178,153
178,157
178,161
178,177
179,115
179,119
179,123
179,124
179,127
179,131
179,137
179,139
179,144
179,145
179,149
179,151
179,152
179,153
179,155
179,156
179,157
179,159
179,160
179,161
179,162
179,163
179,164
179,165
179,166
179,167
179,168
179,169
179,171
179,172
179,173
179,175
179,176
179,178
180,131
180,149
180,151
180,157
180,163
180,167
180,169
180,173
180,179
181,97
181,105
181,109
181,113
181,128
181,137
181,144
181,145
181,147
181,148
181,149
181,151
181,152
181,153
181,154
181,155
181,156
181,157
181,158
181,159
181,160
181,161
181,163
181,164
181,165
181,167
181,169
181,170
181,171
181,172
181,173
181,175
181,176
181,177
181,179
181,180
182,131
182,139
182,149
182,157
182,163
182,167
182,171
183,112
183,124
183,131
183,143
183,145
183,146
183,149
183,151
183,158
183,161
183,163
183,164
183,167
183,169
183,173
183,176
183,179
184,117
184,129
184,131
184,137
184,143
184,145
184,149
184,151
184,153
184,155
184,157
184,163
184,167
184,169
184,171
184,173
184,175
184,179
184,181
184,183
185,128
185,133
185,136
185,139
185,141
185,144
185,147
185,149
185,151
185,153
185,156
185,157
185,159
185,161
185,162
185,163
185,167
185,168
185,169
185,171
185,172
185,173
185,179
185,181
185,183
186,145
186,149
186,151
186,163
186,173
186,181
187,120
187,127
187,134
187,137
187,144
187,145
187,149
187,151
187,152
187,157
187,160
187,161
187,162
187,163
187,164
187,166
187,167
187,169
187,171
187,172
187,173
187,175
187,177
187,179
187,180
187,181
187,183
187,184
187,185
188,101
188,135
188,149
188,151
188,153
188,157
188,161
188,163
188,167
188,169
188,171
188,173
188,175
188,179
188,181
188,183
188,185
188,187
189,142
189,143
189,148
189,152
189,155
189,157
189,160
189,163
189,164
189,167
189,169
189,172
189,173
189,176
189,179
189,181
189,184
189,185
189,187
189,188
190,129
190,131
190,139
190,149
190,151
190,157
190,159
190,161
190,163
190,167
190,169
190,173
190,179
190,181
190,189
191,112
191,116
191,117
191,127
191,129
191,137
191,139
191,143
191,145
191,147
191,149
191,151
191,153
191,155
191,156
191,157
191,159
191,161
191,162
191,163
191,164
191,167
191,168
191,169
191,171
191,172
191,173
191,174
191,175
191,176
191,177
191,179
191,180
191,181
191,183
191,184
191,185
191,186
191,187
191,188
191,189
191,190
192,133
192,149
192,157
192,161
192,163
192,167
192,169
192,173
192,175
192,179
192,185
192,187
192,191
193,88
193,148
193,151
193,152
193,153
193,155
193,157
193,160
193,161
193,163
193,164
193,167
193,169
193,171
193,172
193,173
193,175
193,176
193,179
193,180
193,181
193,184
193,185
193,187
193,188
193,189
193,191
193,192
194,113
194,119
194,127
194,129
194,147
194,149
194,151
194,153
194,155
194,157
194,159
194,161
194,163
194,167
194,169
194,171
194,173
194,175
194,177
194,179
194,181
194,183
194,187
194,189
195,112
195,131
195,139
195,148
195,151
195,152
195,157
195,161
195,163
195,164
195,167
195,172
195,173
195,176
195,178
195,179
195,181
195,187
195,188
195,191
195,193
196,151
196,153
196,155
196,157
196,163
196,167
196,169
196,171
196,173
196,179
196,181
196,183
196,187
196,191
196,193
196,195
197,133
197,148
197,152
197,153
197,154
197,155
197,157
197,160
197,161
197,163
197,164
197,167
197,169
197,171
197,172
197,173
197,175
197,176
197,179
197,180
197,181
197,182
197,183
197,184
197,185
197,187
197,188
197,189
197,190
197,191
197,192
197,193
197,195
197,196
198,139
198,149
198,151
198,157
198,161
198,163
198,167
198,169
198,173
198,181
198,185
198,191
199,108
199,120
199,121
199,125
199,129
199,135
199,145
199,147
199,149
199,153
199,154
199,155
199,156
199,157
199,161
199,163
199,164
199,167
199,169
199,170
199,171
199,172
199,173
199,175
199,176
199,178
199,179
199,180
199,181
199,183
199,184
199,185
199,186
199,187
199,188
199,189
199,190
199,191
199,192
199,193
199,194
199,195
199,196
199,197
199,198
200,139
200,151
200,157
200,159
200,161
200,163
200,167
200,169
200,171
200,173
200,179
200,181
200,187
200,189
200,191
200,193
200,197
200,199
201,143
201,148
201,149
201,155
201,157
201,161
201,163
201,164
201,167
201,169
201,170
201,172
201,173
201,175
201,176
201,179
201,181
201,182
201,184
201,187
201,188
201,190
201,191
201,193
201,194
201,196
201,199
201,200
202,149
202,157
202,161
202,163
202,167
202,169
202,173
202,175
202,179
202,187
202,191
202,199
203,157
203,160
203,163
203,164
203,167
203,169
203,171
203,172
203,173
203,176
203,177
203,178
203,179
203,180
203,181
203,183
203,184
203,185
203,187
203,188
203,191
203,192
203,193
203,194
203,195
203,197
203,199
203,200
203,201
204,155
204,157
204,161
204,163
204,169
204,173
204,175
204,179
204,181
204,185
204,191
204,193
204,197
204,199
204,203
205,129
205,134
205,149
205,152
205,153
205,154
205,156
205,161
205,163
205,167
205,169
205,171
205,172
205,173
205,176
205,179
205,181
205,183
205,184
205,187
205,188
205,189
205,191
205,192
205,193
205,196
205,197
205,198
205,199
205,201
205,202
205,203
205,204
206,145
206,153
206,157
206,163
206,167
206,169
206,173
206,175
206,179
206,181
206,187
206,193
206,205
207,157
207,160
207,163
207,164
207,167
207,169
207,172
207,173
207,175
207,176
207,178
207,179
207,181
207,185
207,187
207,188
207,191
207,193
207,194
207,196
207,197
207,199
207,200
207,203
207,205
207,206
208,145
208,157
208,161
208,163
208,165
208,167
208,171
208,173
208,175
208,177
208,179
208,181
208,183
208,185
208,187
208,189
208,191
208,193
208,197
208,199
208,201
208,203
208,205
208,207
209,127
209,139
209,144
209,153
209,157
209,159
209,161
209,163
209,164
209,167
209,168
209,169
209,170
209,172
209,173
209,177
209,179
209,181
209,184
209,185
209,188
209,189
209,191
209,192
209,193
209,194
209,195
209,196
209,197
209,199
209,200
209,201
209,202
209,203
209,204
209,205
209,207
209,208
210,131
210,149
210,163
210,167
210,169
210,173
210,179
210,181
210,187
210,191
210,199
211,96
211,131
211,144
211,148
211,153
211,154
211,155
211,159
211,163
211,164
211,165
211,167
211,169
211,170
211,171
211,172
211,173
211,175
211,176
211,179
211,181
211,184
211,187
211,188
211,189
211,190
211,191
211,192
211,193
211,194
211,195
211,196
211,197
211,198
211,199
211,200
211,201
211,203
211,204
211,205
211,207
211,208
211,209
211,210
212,113
212,163
212,167
212,169
212,171
212,173
212,175
212,179
212,181
212,185
212,187
212,189
212,191
212,193
212,195
212,197
212,199
212,201
212,203
212,205
212,207
212,209
212,211
213,148
213,157
213,160
213,163
213,166
213,167
213,169
213,172
213,173
213,175
213,176
213,179
213,181
213,184
213,185
213,187
213,188
213,190
213,191
213,193
213,194
213,196
213,197
213,199
213,200
213,202
213,203
213,205
213,208
213,209
213,211
213,212
214,125
214,133
214,145
214,157
214,161
214,163
214,165
214,167
214,169
214,171
214,173
214,175
214,179
214,183
214,185
214,187
214,191
214,193
214,195
214,197
214,199
214,201
214,203
214,205
214,207
214,209
214,213
215,148
215,157
215,161
215,164
215,167
215,169
215,171
215,173
215,176
215,178
215,179
215,181
215,184
215,187
215,188
215,189
215,191
215,192
215,193
215,194
215,196
215,197
215,198
215,199
215,203
215,204
215,207
215,208
215,209
215,211
215,212
215,213
215,214
216,161
216,163
216,167
216,169
216,173
216,175
216,179
216,181
216,185
216,187
216,191
216,193
216,197
216,199
216,203
216,205
216,209
216,211
216,215
217,148
217,152
217,156
217,157
217,163
217,164
217,165
217,167
217,169
217,171
217,172
217,173
217,174
217,176
217,179
217,180
217,181
217,183
217,184
217,185
217,187
217,188
217,190
217,191
217,192
217,193
217,194
217,195
217,197
217,199
217,200
217,201
217,202
217,204
217,205
217,207
217,208
217,209
217,211
217,212
217,213
217,214
217,215
217,216
218,149
218,153
218,159
218,161
218,163
218,169
218,171
218,173
218,175
218,179
218,181
218,185
218,187
218,191
218,193
218,197
218,201
218,203
218,205
218,207
218,211
218,217
219,154
219,157
219,163
219,164
219,166
219,167
219,169
219,172
219,173
219,175
219,176
219,178
219,179
219,181
219,184
219,187
219,188
219,191
219,193
219,194
219,196
219,197
219,199
219,200
219,203
219,205
219,208
219,209
219,211
219,212
219,215
219,218
220,151
220,157
220,163
220,169
220,171
220,173
220,179
220,181
220,189
220,191
220,193
220,197
220,199
220,201
220,203
220,207
220,211
220,213
220,217
220,219
221,122
221,148
221,157
221,163
221,171
221,172
221,173
221,175
221,179
221,181
221,184
221,186
221,188
221,189
221,191
221,192
221,194
221,196
221,197
221,199
221,200
221,203
221,205
221,207
221,209
221,211
221,212
221,213
221,215
221,216
221,217
221,219
221,220
222,133
222,161
222,163
222,167
222,169
222,173
222,175
222,179
222,181
222,191
222,193
222,197
222,199
222,203
222,205
222,209
222,217
223,148
223,157
223,160
223,161
223,163
223,170
223,171
223,172
223,173
223,175
223,176
223,179
223,180
223,181
223,182
223,184
223,185
223,186
223,187
223,188
223,189
223,190
223,191
223,192
223,193
223,194
223,196
223,197
223,198
223,199
223,200
223,201
223,203
223,204
223,205
223,206
223,207
223,208
223,209
223,211
223,212
223,213
223,214
223,215
223,216
223,217
223,219
223,220
223,221
224,125
224,153
224,157
224,163
224,167
224,171
224,173
224,179
224,181
224,183
224,185
224,187
224,191
224,193
224,195
224,197
224,199
224,205
224,207
224,211
224,213
224,215
224,219
224,221
224,223
225,133
225,148
225,157
225,169
225,172
225,173
225,176
225,178
225,179
225,181
225,184
225,187
225,188
225,191
225,193
225,196
225,197
225,199
225,203
225,208
225,209
225,211
225,212
225,214
225,221
225,223
225,224
226,159
226,163
226,169
226,171
226,173
226,175
226,179
226,183
226,185
226,187
226,189
226,191
226,193
226,197
226,199
226,201
226,203
226,205
226,207
226,209
226,213
226,215
226,219
226,221
226,223
226,225
227,113
227,153
227,159
227,160
227,163
227,164
227,167
227,175
227,176
227,179
227,180
227,181
227,182
227,184
227,185
227,186
227,187
227,188
227,191
227,192
227,193
227,194
227,195
227,196
227,197
227,198
227,199
227,200
227,201
227,202
227,203
227,204
227,205
227,206
227,207
227,208
227,211
227,212
227,213
227,214
227,215
227,216
227,217
227,219
227,220
227,222
227,223
227,224
227,225
227,226
228,163
228,167
228,173
228,175
228,181
228,185
228,187
228,191
228,193
228,197
228,199
228,203
228,211
228,215
228,217
228,221
228,223
229,119
229,145
229,149
229,160
229,164
229,167
229,171
229,172
229,173
229,175
229,178
229,179
229,180
229,181
229,182
229,183
229,184
229,185
229,186
229,187
229,188
229,189
229,190
229,191
229,192
229,193
229,196
229,197
229,198
229,199
229,200
229,201
229,202
229,204
229,205
229,206
229,207
229,208
229,209
229,210
229,211
229,212
229,213
229,215
229,216
229,217
229,219
229,220
229,221
229,223
229,224
229,225
229,226
229,227
229,228
230,133
230,163
230,167
230,171
230,177
230,179
230,181
230,183
230,187
230,189
230,193
230,197
230,199
230,201
230,203
230,209
230,211
230,217
230,219
230,221
231,170
231,172
231,179
231,181
231,184
231,188
231,191
231,193
231,197
231,199
231,200
231,202
231,205
231,208
231,211
231,212
231,218
231,221
231,223
231,229
232,153
232,167
232,175
232,177
232,179
232,181
232,183
232,185
232,187
232,191
232,193
232,197
232,199
232,201
232,207
232,209
232,211
232,215
232,217
232,219
232,223
232,225
232,227
232,229
233,148
233,154
233,163
233,164
233,171
233,173
233,175
233,176
233,177
233,179
233,180
233,181
233,184
233,185
233,186
233,187
233,188
233,189
233,190
233,191
233,192
233,193
233,194
233,195
233,196
233,197
233,198
233,199
233,200
233,201
233,203
233,204
233,205
233,206
233,207
233,208
233,209
233,210
233,211
233,212
233,213
233,214
233,215
233,217
233,218
233,219
233,220
233,221
233,223
233,224
233,225
233,226
233,227
233,228
233,229
233,231
233,232
234,173
234,179
234,181
234,191
234,197
234,199
234,203
234,205
234,209
234,211
234,217
234,223
234,233
235,139
235,153
235,164
235,172
235,173
235,176
235,178
235,181
235,183
235,186
235,187
235,189
235,191
235,192
235,193
235,194
235,196
235,197
235,198
235,199
235,201
235,202
235,203
235,207
235,208
235,209
235,211
235,212
235,213
235,216
235,217
235,219
235,223
235,224
235,227
235,228
235,229
235,232
235,233
235,234
236,127
236,133
236,157
236,171
236,173
236,179
236,181
236,185
236,187
236,191
236,193
236,195
236,197
236,199
236,201
236,203
236,205
236,207
236,209
236,211
236,213
236,215
236,217
236,219
236,221
236,223
236,225
236,227
236,229
236,231
236,233
236,235
237,160
237,166
237,169
237,172
237,173
237,175
237,179
237,181
237,184
237,185
237,187
237,188
237,190
237,191
237,193
237,196
237,197
237,199
237,200
237,202
237,203
237,208
237,209
237,211
237,212
237,214
237,215
237,217
237,218
237,220
237,221
237,223
237,226
237,227
237,229
237,232
237,233
237,235
237,236
238,157
238,169
238,171
238,173
238,181
238,185
238,191
238,193
238,197
238,199
238,201
238,205
238,207
238,209
238,211
238,213
238,215
238,219
238,223
238,225
238,227
238,229
238,233
238,237
239,154
239,157
239,164
239,167
239,168
239,169
239,172
239,173
239,175
239,176
239,177
239,178
239,180
239,182
239,183
239,184
239,185
239,187
239,188
239,190
239,191
239,192
239,193
239,195
239,196
239,197
239,198
239,199
239,200
239,201
239,203
239,204
239,205
239,206
239,207
239,208
239,209
239,211
239,212
239,213
239,214
239,215
239,216
239,219
239,220
239,221
239,222
239,223
239,224
239,225
239,226
239,227
239,228
239,229
239,230
239,231
239,232
239,233
239,234
239,236
239,237
239,238
240,161
240,179
240,191
240,199
240,203
240,211
240,217
240,221
240,223
240,227
240,229
240,233
240,239
241,111
241,153
241,168
241,170
241,175
241,176
241,177
241,178
241,180
241,181
241,183
241,185
241,187
241,188
241,189
241,191
241,192
241,193
241,196
241,197
241,199
241,200
241,201
241,202
241,203
241,204
241,205
241,207
241,208
241,209
241,210
241,211
241,212
241,213
241,214
241,216
241,217
241,218
241,219
241,220
241,221
241,223
241,224
241,225
241,226
241,227
241,229
241,230
241,231
241,232
241,233
241,235
241,236
241,237
241,238
241,239
241,240
242,171
242,175
242,179
242,185
242,189
242,191
242,193
242,195
242,197
242,199
242,201
242,203
242,205
242,207
242,211
242,213
242,215
242,219
242,221
242,223
242,225
242,227
242,229
242,233
242,235
242,237
242,239
242,241
243,154
243,164
243,172
243,175
243,176
243,179
243,181
243,184
243,185
243,187
243,188
243,191
243,193
243,194
243,196
243,197
243,199
243,200
243,202
243,203
243,208
243,211
243,212
243,214
243,215
243,217
243,218
243,220
243,221
243,223
243,224
243,226
243,227
243,229
243,230
243,232
243,233
243,235
243,236
243,238
243,239
243,241
243,242
244,145
244,167
244,173
244,181
244,185
244,187
244,189
244,191
244,193
244,195
244,197
244,199
244,201
244,205
244,207
244,209
244,211
244,213
244,215
244,217
244,219
244,221
244,223
244,225
244,227
244,229
244,231
244,233
244,235
244,237
244,239
244,241
244,243
245,171
245,177
245,179
245,181
245,183
245,184
245,186
245,187
245,188
245,191
245,192
245,193
245,194
245,197
245,199
245,201
245,204
245,207
245,208
245,209
245,211
245,212
245,213
245,214
245,216
245,218
245,222
245,226
245,227
245,228
245,229
245,232
245,233
245,234
245,236
245,237
245,239
245,241
245,242
245,243
245,244
246,169
246,179
246,185
246,187
246,191
246,193
246,197
246,203
246,209
246,211
246,215
246,221
246,223
246,227
246,229
246,233
246,239
246,241
246,245
247,157
247,172
247,173
247,175
247,176
247,180
247,183
247,184
247,185
247,187
247,188
247,189
247,191
247,192
247,193
247,194
247,197
247,198
247,200
247,201
247,203
247,204
247,206
247,207
247,210
247,212
247,213
247,214
247,215
247,216
247,217
247,219
247,220
247,222
247,223
247,225
247,226
247,227
247,229
247,232
247,233
247,235
247,236
247,237
247,239
247,240
247,241
247,242
247,244
247,245
248,177
248,187
248,191
248,193
248,195
248,197
248,199
248,201
248,203
248,205
248,207
248,209
248,211
248,213
248,215
248,219
248,221
248,223
248,225
248,227
248,233
248,237
248,239
248,241
248,243
248,245
248,247
249,145
249,148
249,154
249,164
249,169
249,170
249,178
249,185
249,188
249,190
249,193
249,196
249,197
249,199
249,200
249,205
249,208
249,209
249,211
249,212
249,214
249,217
249,220
249,223
249,224
249,226
249,227
249,229
249,232
249,233
249,235
249,236
249,239
249,241
249,242
249,245
249,247
249,248
250,171
250,173
250,179
250,181
250,183
250,187
250,189
250,191
250,197
250,199
250,201
250,209
250,211
250,213
250,217
250,219
250,221
250,223
250,227
250,229
250,231
250,233
250,239
250,241
251,119
251,156
251,159
251,163
251,171
251,173
251,185
251,187
251,188
251,190
251,191
251,192
251,194
251,195
251,196
251,199
251,200
251,201
251,203
251,204
251,205
251,206
251,207
251,208
251,211
251,212
251,213
251,215
251,216
251,217
251,219
251,220
251,221
251,222
251,223
251,224
251,225
251,226
251,227
251,228
251,229
251,230
251,231
251,232
251,233
251,234
251,236
251,238
251,239
251,240
251,241
251,243
251,244
251,245
251,247
251,248
251,249
252,167
252,173
252,179
252,185
252,187
252,199
252,205
252,209
252,211
252,215
252,221
252,223
252,227
252,229
252,233
252,235
252,239
252,241
252,247
252,251
253,160
253,164
253,172
253,175
253,180
253,181
253,183
253,193
253,197
253,199
253,200
253,201
253,203
253,208
253,210
253,211
253,212
253,214
253,215
253,216
253,218
253,219
253,221
253,223
253,224
253,225
253,226
253,227
253,229
253,232
253,233
253,235
253,238
253,239
253,241
253,243
253,244
253,245
253,247
253,248
253,249
253,250
253,251
253,252
254,161
254,171
254,173
254,177
254,181
254,185
254,187
254,189
254,191
254,193
254,195
254,197
254,201
254,203
254,205
254,207
254,209
254,215
254,217
254,219
254,221
254,223
254,225
254,227
254,229
254,231
254,233
254,237
254,239
254,241
254,245
254,247
254,249
255,181
255,184
255,188
255,191
255,196
255,199
255,202
255,203
255,208
255,209
255,212
255,214
255,223
255,224
255,229
255,236
255,239
255,242
255,244
255,247
255,251
255,253
255,254
256,179
256,183
256,189
256,193
256,199
256,201
256,203
256,205
256,207
256,209
256,211
256,215
256,217
256,221
256,223
256,225
256,227
256,229
256,233
256,239
256,241
256,243
256,245
256,251
256,253
256,255
257,164
257,175
257,179
257,184
257,186
257,187
257,188
257,189
257,191
257,192
257,193
257,194
257,195
257,196
257,197
257,199
257,200
257,204
257,206
257,207
257,208
257,210
257,211
257,212
257,213
257,215
257,218
257,220
257,221
257,222
257,223
257,224
257,225
257,226
257,227
257,228
257,229
257,231
257,232
257,233
257,234
257,235
257,236
257,239
257,240
257,241
257,242
257,243
257,244
257,245
257,246
257,248
257,249
257,250
257,251
257,252
257,253
257,254
257,255
257,256
258,163
258,169
258,179
258,187
258,191
258,193
258,203
258,205
258,209
258,227
258,233
258,241
258,245
258,253
258,257
259,163
259,164
259,171
259,176
259,181
259,183
259,184
259,186
259,188
259,191
259,192
259,194
259,195
259,197
259,200
259,201
259,202
259,204
259,205
259,207
259,208
259,209
259,211
259,212
259,213
259,215
259,216
259,218
259,219
259,220
259,221
259,223
259,225
259,226
259,227
259,228
259,229
259,230
259,232
259,233
259,235
259,236
259,240
259,241
259,242
259,243
259,244
259,247
259,248
259,251
259,253
259,255
259,256
259,257
260,161
260,181
260,183
260,187
260,191
260,193
260,197
260,199
260,203
260,207
260,209
260,211
260,213
260,217
260,219
260,223
260,227
260,229
260,231
260,233
260,239
260,241
260,243
260,253
260,257
260,259
261,164
261,181
261,184
261,185
261,188
261,190
261,191
261,193
261,197
261,200
261,202
261,206
261,208
261,209
261,212
261,215
261,217
261,218
261,221
261,223
261,224
261,226
261,227
261,229
261,230
261,233
261,236
261,239
261,241
261,242
261,245
261,247
261,248
261,250
261,251
261,253
261,254
261,256
261,257
261,259
261,260
262,157
262,169
262,177
262,181
262,189
262,191
262,193
262,195
262,197
262,203
262,205
262,207
262,211
262,215
262,223
262,227
262,229
262,231
262,233
262,235
262,237
262,241
262,247
262,249
262,259
263,156
263,163
263,164
263,168
263,173
263,175
263,181
263,182
263,185
263,188
263,190
263,192
263,195
263,197
263,198
263,199
263,200
263,202
263,203
263,204
263,205
263,206
263,207
263,209
263,210
263,211
263,212
263,213
263,214
263,215
263,216
263,217
263,218
263,219
263,220
263,221
263,223
263,224
263,225
263,227
263,228
263,229
263,231
263,232
263,233
263,234
263,235
263,236
263,239
263,240
263,241
263,243
263,244
263,245
263,246
263,247
263,248
263,249
263,251
263,252
263,253
263,254
263,255
263,256
263,257
263,258
263,259
263,260
263,261
264,149
264,173
264,185
264,199
264,203
264,205
264,211
264,215
264,221
264,223
264,227
264,233
264,235
264,239
264,245
264,247
264,257
264,259
265,154
265,157
265,164
265,168
265,173
265,184
265,186
265,188
265,189
265,192
265,193
265,194
265,196
265,198
265,199
265,206
265,211
265,216
265,217
265,219
265,222
265,223
265,224
265,227
265,229
265,232
265,233
265,237
265,238
265,239
265,243
265,244
265,247
265,248
265,251
265,252
265,253
265,256
265,257
265,258
265,262
265,263
265,264
266,191
266,197
266,205
266,207
266,215
266,223
266,225
266,227
266,229
266,237
266,243
266,251
266,253
266,255
266,257
266,261
266,263
267,163
267,167
267,172
267,173
267,175
267,188
267,190
267,200
267,209
267,211
267,212
267,214
267,218
267,220
267,223
267,224
267,229
267,232
267,235
267,236
267,239
267,241
267,244
267,247
267,248
267,253
267,256
267,260
267,262
267,263
267,265
268,161
268,171
268,197
268,209
268,211
268,215
268,221
268,223
268,225
268,227
268,229
268,233
268,235
268,239
268,241
268,243
268,247
268,249
268,251
268,253
268,257
268,259
268,261
268,263
268,265
268,267
269,145
269,153
269,154
269,156
269,161
269,170
269,172
269,180
269,182
269,183
269,192
269,195
269,199
269,204
269,205
269,211
269,212
269,216
269,217
269,220
269,221
269,223
269,225
269,227
269,228
269,229
269,232
269,233
269,234
269,236
269,237
269,238
269,239
269,241
269,242
269,243
269,244
269,245
269,248
269,251
269,252
269,253
269,256
269,257
269,259
269,260
269,261
269,263
269,264
269,266
269,268
270,197
270,203
270,209
270,211
270,217
270,221
270,233
270,239
270,241
270,247
270,259
270,263
271,152
271,159
271,171
271,183
271,184
271,186
271,188
271,190
271,191
271,192
271,193
271,194
271,196
271,197
271,200
271,205
271,208
271,211
271,212
271,213
271,214
271,215
271,216
271,217
271,219
271,220
271,221
271,223
271,224
271,225
271,227
271,228
271,229
271,232
271,233
271,235
271,236
271,237
271,238
271,239
271,240
271,241
271,242
271,243
271,244
271,245
271,247
271,248
271,249
271,250
271,251
271,252
271,253
271,255
271,256
271,257
271,258
271,259
271,260
271,261
271,263
271,264
271,265
271,266
271,267
271,268
271,269
272,149
272,173
272,189
272,213
272,217
272,223
272,225
272,227
272,229
272,233
272,235
272,239
272,241
272,243
272,245
272,247
272,251
272,253
272,257
272,259
272,261
272,263
272,265
272,269
272,271
273,166
273,172
273,190
273,197
273,200
273,209
273,211
273,212
273,215
273,223
273,227
273,229
273,233
273,236
273,239
273,241
273,242
273,244
273,248
273,250
273,253
273,256
273,257
273,263
273,265
273,271
273,272
274,167
274,185
274,193
274,195
274,197
274,205
274,209
274,211
274,213
274,215
274,217
274,221
274,225
274,237
274,243
274,255
274,257
275,164
275,168
275,171
275,183
275,189
275,194
275,197
275,202
275,203
275,204
275,214
275,216
275,217
275,223
275,226
275,227
275,228
275,229
275,232
275,233
275,234
275,236
275,239
275,241
275,243
275,244
275,247
275,251
275,252
275,254
275,256
275,257
275,259
275,261
275,262
275,263
275,268
275,269
275,271
275,272
276,181
276,185
276,191
276,193
276,197
276,199
276,205
276,211
276,215
276,221
276,223
276,227
276,233
276,235
276,239
276,241
276,245
276,247
276,257
276,263
276,271
277,180
277,197
277,199
277,200
277,204
277,205
277,212
277,216
277,217
277,221
277,224
277,225
277,226
277,227
277,229
277,231
277,232
277,233
277,234
277,235
277,239
277,240
277,241
277,242
277,243
277,244
277,245
277,246
277,251
277,252
277,253
277,256
277,257
277,260
277,261
277,262
277,263
277,265
277,266
277,267
277,268
277,269
277,271
277,272
277,275
278,163
278,173
278,185
278,195
278,199
278,201
278,207
278,209
278,211
278,213
278,215
278,219
278,223
278,225
278,227
278,231
278,241
278,243
278,245
278,257
278,261
278,275
279,173
279,176
279,178
279,182
279,184
279,185
279,193
279,199
279,200
279,205
279,208
279,211
279,220
279,223
279,227
279,229
279,232
279,233
279,238
279,239
279,241
279,242
279,244
279,245
279,247
279,250
279,251
279,253
279,256
279,257
279,260
279,263
279,265
279,266
279,268
279,269
279,271
279,272
279,275
279,277
279,278
280,177
280,183
280,193
280,201
280,207
280,209
280,211
280,219
280,223
280,229
280,239
280,241
280,243
280,251
280,257
280,261
280,269
280,271
280,277
280,279
281,172
281,180
281,181
281,195
281,196
281,200
281,201
281,203
281,209
281,211
281,213
281,215
281,218
281,222
281,223
281,224
281,225
281,227
281,229
281,231
281,232
281,233
281,238
281,239
281,241
281,242
281,243
281,244
281,245
281,247
281,248
281,249
281,251
281,252
281,253
281,255
281,256
281,257
281,260
281,261
281,263
281,264
281,265
281,268
281,269
281,271
281,272
281,273
281,275
281,276
281,277
281,279
281,280
282,167
282,175
282,187
282,193
282,197
282,203
282,209
282,215
282,217
282,221
282,227
282,229
282,239
282,245
282,247
282,251
282,263
282,269
282,271
282,277
283,167
283,171
283,176
283,180
283,182
283,187
283,188
283,189
283,190
283,191
283,192
283,196
283,200
283,201
283,202
283,203
283,208
283,211
283,214
283,215
283,220
283,221
283,223
283,224
283,227
283,228
283,229
283,231
283,232
283,233
283,234
283,235
283,236
283,237
283,239
283,241
283,243
283,244
283,246
283,247
283,250
283,251
283,252
283,253
283,256
283,257
283,259
283,260
283,261
283,262
283,263
283,264
283,265
283,268
283,269
283,271
283,272
283,275
283,276
283,277
283,279
283,280
283,281
284,153
284,173
284,179
284,189
284,195
284,207
284,211
284,219
284,225
284,227
284,229
284,233
284,235
284,237
284,239
284,241
284,243
284,245
284,247
284,251
284,253
284,257
284,259
284,261
284,263
284,265
284,267
284,269
284,271
284,275
284,277
284,279
284,281
284,283
285,164
285,173
285,196
285,199
285,202
285,214
285,221
285,223
285,227
285,229
285,232
285,233
285,236
285,239
285,241
285,244
285,248
285,251
285,253
285,256
285,259
285,263
285,268
285,272
285,274
285,277
285,278
285,281
285,283
286,153
286,183
286,189
286,193
286,197
286,201
286,203
286,223
286,227
286,229
286,239
286,243
286,251
286,257
286,259
286,265
286,281
287,176
287,181
287,186
287,192
287,198
287,204
287,207
287,211
287,214
287,216
287,219
287,220
287,223
287,225
287,226
287,227
287,229
287,232
287,233
287,235
287,236
287,237
287,239
287,240
287,241
287,243
287,247
287,248
287,249
287,251
287,253
287,255
287,256
287,257
287,258
287,260
287,261
287,263
287,265
287,268
287,269
287,271
287,272
287,275
287,276
287,277
287,279
287,281
287,283
287,284
287,285
288,173
288,175
288,181
288,193
288,211
288,215
288,223
288,233
288,235
288,239
288,241
288,247
288,251
288,253
288,257
288,259
288,263
288,265
288,269
288,271
288,275
288,277
288,281
288,283
288,287
289,172
289,180
289,192
289,196
289,200
289,201
289,205
289,206
289,207
289,208
289,210
289,212
289,214
289,220
289,222
289,223
289,227
289,229
289,233
289,234
289,239
289,241
289,243
289,244
289,245
289,246
289,247
289,248
289,251
289,252
289,253
289,256
289,257
289,259
289,261
289,262
289,263
289,264
289,268
289,269
289,271
289,273
289,275
289,276
289,277
289,279
289,280
289,281
289,283
289,284
289,285
289,287
289,288
290,191
290,197
290,199
290,209
290,213
290,217
290,227
290,229
290,231
290,239
290,243
290,247
290,253
290,257
290,271
290,273
290,281
290,283
290,287
291,181
291,185
291,187
291,188
291,191
291,196
291,199
291,200
291,202
291,209
291,211
291,212
291,215
291,217
291,220
291,223
291,224
291,227
291,229
291,232
291,233
291,235
291,236
291,238
291,239
291,241
291,245
291,251
291,253
291,254
291,256
291,257
291,260
291,262
291,263
291,265
291,268
291,269
291,271
291,272
291,274
291,275
291,277
291,280
291,281
291,283
291,284
291,290
292,153
292,179
292,211
292,215
292,223
292,227
292,229
292,235
292,239
292,241
292,243
292,245
292,247
292,251
292,253
292,257
292,259
292,261
292,263
292,265
292,269
292,271
292,275
292,277
292,279
292,281
292,283
292,285
292,287
292,289
292,291
293,160
293,172
293,184
293,196
293,197
293,202
293,220
293,226
293,229
293,232
293,233
293,235
293,236
293,239
293,241
293,243
293,244
293,247
293,251
293,252
293,253
293,256
293,257
293,259
293,260
293,261
293,262
293,263
293,265
293,267
293,268
293,269
293,271
293,272
293,275
293,276
293,277
293,279
293,281
293,283
293,284
293,287
293,288
293,289
293,291
293,292
294,163
294,173
294,185
294,187
294,193
294,197
294,221
294,223
294,229
294,233
294,235
294,241
294,257
294,269
294,271
294,277
294,283
295,176
295,181
295,192
295,196
295,197
295,204
295,216
295,217
295,224
295,226
295,227
295,233
295,234
295,238
295,239
295,241
295,251
295,252
295,256
295,257
295,259
295,261
295,263
295,264
295,266
295,268
295,269
295,271
295,273
295,276
295,279
295,281
295,283
295,284
295,286
295,289
295,292
296,197
296,201
296,211
296,213
296,215
296,221
296,223
296,225
296,229
296,231
296,233
296,239
296,241
296,243
296,245
296,247
296,249
296,251
296,253
296,255
296,257
296,261
296,263
296,265
296,269
296,271
296,273
296,275
296,277
296,279
296,281
296,283
296,285
296,291
296,293
296,295
297,196
297,200
297,206
297,215
297,229
297,232
297,233
297,235
297,239
297,241
297,247
297,248
297,251
297,256
297,257
297,259
297,260
297,262
297,263
297,265
297,266
297,268
297,269
297,271
297,272
297,277
297,280
297,281
297,283
297,284
297,287
297,289
297,292
297,293
297,296
298,163
298,175
298,181
298,203
298,211
298,221
298,233
298,235
298,239
298,247
298,253
298,261
298,271
298,279
298,287
299,170
299,176
299,186
299,187
299,191
299,193
299,199
299,200
299,204
299,212
299,214
299,218
299,224
299,227
299,229
299,235
299,236
299,237
299,239
299,241
299,243
299,244
299,245
299,246
299,249
299,251
299,252
299,256
299,257
299,259
299,261
299,263
299,264
299,265
299,267
299,268
299,269
299,271
299,272
299,275
299,277
299,278
299,279
299,280
299,281
299,283
299,284
299,287
299,288
299,289
299,291
299,292
299,293
299,295
299,296
299,297
300,211
300,233
300,239
300,241
300,251
300,253
300,257
300,259
300,263
300,269
300,271
300,277
300,281
300,283
300,287
300,289
300,293
300,299
301,153
301,185
301,188
301,198
301,200
301,213
301,227
301,232
301,233
301,237
301,239
301,241
301,242
301,243
301,244
301,247
301,251
301,253
301,256
301,257
301,260
301,261
301,262
301,263
301,268
301,269
301,271
301,272
301,275
301,277
301,279
301,281
301,282
301,283
301,284
301,288
301,289
301,291
301,292
301,293
301,295
301,296
301,297
301,299
301,300
302,171
302,175
302,205
302,217
302,225
302,231
302,235
302,239
302,241
302,251
302,253
302,265
302,269
302,287
302,289
303,184
303,187
303,212
303,214
303,217
303,235
303,236
303,241
303,242
303,244
303,248
303,250
303,253
303,256
303,257
303,259
303,263
303,265
303,268
303,269
303,271
303,275
303,277
303,283
303,289
303,292
303,293
303,301
304,167
304,183
304,185
304,191
304,225
304,229
304,233
304,239
304,241
304,243
304,245
304,251
304,253
304,255
304,257
304,261
304,263
304,265
304,269
304,271
304,273
304,275
304,277
304,279
304,281
304,283
304,287
304,289
304,291
304,293
304,295
304,297
304,299
304,301
304,303
305,144
305,171
305,184
305,207
305,213
305,218
305,223
305,227
305,239
305,241
305,243
305,247
305,248
305,251
305,253
305,256
305,257
305,259
305,261
305,262
305,263
305,268
305,269
305,271
305,272
305,276
305,279
305,281
305,283
305,284
305,288
305,289
305,291
305,292
305,293
305,296
305,299
305,301
305,303
305,304
306,167
306,217
306,223
306,239
306,241
306,247
306,257
306,259
306,265
306,269
306,271
306,283
306,295
306,301
307,180
307,185
307,212
307,225
307,232
307,233
307,239
307,241
307,243
307,245
307,246
307,247
307,248
307,251
307,252
307,253
307,256
307,257
307,259
307,260
307,261
307,263
307,264
307,265
307,268
307,269
307,271
307,272
307,275
307,276
307,277
307,278
307,279
307,281
307,283
307,284
307,285
307,287
307,288
307,289
307,292
307,293
307,296
307,297
307,299
307,300
307,301
307,304
308,207
308,215
308,221
308,225
308,235
308,241
308,243
308,247
308,251
308,257
308,261
308,263
308,265
308,267
308,269
308,271
308,277
308,279
308,281
308,283
308,285
308,289
308,291
308,293
308,295
308,299
308,305
308,307
309,164
309,182
309,185
309,193
309,200
309,211
309,217
309,221
309,224
309,226
309,229
309,232
309,233
309,239
309,241
309,245
309,248
309,251
309,253
309,256
309,257
309,259
309,263
309,269
309,272
309,275
309,277
309,281
309,283
309,284
309,286
309,287
309,289
309,292
309,293
309,295
309,296
309,298
309,299
309,301
309,305
309,307
310,171
310,201
310,219
310,229
310,239
310,241
310,243
310,247
310,249
310,251
310,253
310,259
310,261
310,263
310,267
310,269
310,271
310,281
310,289
311,212
311,232
311,233
311,239
311,241
311,243
311,245
311,247
311,248
311,251
311,252
311,253
311,256
311,257
311,261
311,263
311,266
311,268
311,269
311,271
311,272
311,275
311,276
311,277
311,279
311,280
311,281
311,283
311,284
311,285
311,287
311,288
311,289
311,291
311,292
311,293
311,295
311,296
311,297
311,299
311,300
311,301
311,303
311,304
311,305
311,306
311,307
311,308
311,309
311,310
312,227
312,235
312,241
312,245
312,253
312,259
312,265
312,271
312,275
312,277
312,281
312,293
312,301
312,307
313,196
313,200
313,208
313,214
313,215
313,216
313,223
313,229
313,232
313,238
313,239
313,245
313,246
313,247
313,248
313,251
313,253
313,256
313,257
313,260
313,261
313,263
313,264
313,265
313,266
313,267
313,268
313,269
313,271
313,272
313,273
313,275
313,277
313,280
313,281
313,283
313,284
313,287
313,288
313,289
313,290
313,292
313,293
313,295
313,296
313,297
313,299
313,300
313,301
313,303
313,304
313,307
313,308
313,311
314,233
314,239
314,241
314,243
314,245
314,247
314,249
314,251
314,253
314,255
314,257
314,261
314,263
314,267
314,269
314,271
314,277
314,279
314,281
314,283
314,285
314,289
314,291
314,293
314,295
314,299
314,307
314,309
315,176
315,227
315,232
315,236
315,241
315,247
315,248
315,251
315,253
315,256
315,263
315,268
315,269
315,271
315,272
315,277
315,278
315,281
315,283
315,284
315,289
315,292
315,293
315,296
315,299
315,304
315,307
315,311
315,313
315,314
316,185
316,201
316,203
316,217
316,223
316,243
316,247
316,251
316,253
316,257
316,261
316,263
316,265
316,269
316,271
316,275
316,277
316,279
316,281
316,283
316,285
316,287
316,289
316,291
316,293
316,295
316,297
316,299
316,301
316,303
316,305
316,307
316,311
316,313
316,315
317,176
317,232
317,235
317,241
317,247
317,250
317,251
317,252
317,253
317,256
317,257
317,259
317,260
317,261
317,263
317,265
317,266
317,267
317,268
317,269
317,271
317,272
317,275
317,277
317,279
317,280
317,281
317,283
317,284
317,287
317,288
317,289
317,292
317,293
317,296
317,297
317,299
317,300
317,301
317,302
317,304
317,305
317,306
317,307
317,308
317,311
317,312
317,313
317,315
317,316
318,209
318,233
318,245
318,251
318,253
318,257
318,263
318,275
318,277
318,287
318,293
318,299
319,173
319,224
319,225
319,227
319,241
319,245
319,247
319,248
319,251
319,252
319,255
319,256
319,257
319,259
319,260
319,263
319,268
319,269
319,270
319,271
319,272
319,277
319,279
319,280
319,281
319,283
319,284
319,285
319,287
319,288
319,289
319,291
319,292
319,293
319,295
319,296
319,299
319,300
319,301
319,303
319,304
319,305
319,307
319,309
319,311
319,312
319,313
319,314
319,315
319,316
319,317
320,181
320,201
320,231
320,239
320,251
320,253
320,257
320,259
320,263
320,269
320,271
320,277
320,279
320,281
320,283
320,287
320,289
320,291
320,293
320,297
320,307
320,309
320,311
320,313
320,317
320,319
321,196
321,208
321,221
321,223
321,226
321,239
321,241
321,244
321,245
321,247
321,248
321,251
321,253
321,256
321,257
321,259
321,262
321,263
321,265
321,268
321,269
321,271
321,272
321,275
321,277
321,280
321,281
321,283
321,284
321,287
321,289
321,292
321,293
321,295
321,299
321,301
321,304
321,305
321,307
321,308
321,311
321,313
321,314
321,316
321,317
321,319
321,320
322,243
322,251
322,257
322,269
322,271
322,275
322,283
322,285
322,297
322,319
324,197
324,221
324,223
324,235
324,239
324,247
324,251
324,253
324,257
324,259
324,263
324,269
324,271
324,275
324,277
324,281
324,283
324,287
324,289
324,293
324,295
324,299
324,301
324,305
324,307
324,311
324,313
324,317
324,319
324,323
325,233
325,251
325,252
325,253
325,256
325,261
325,263
325,268
325,269
325,271
325,272
325,277
325,279
325,281
325,282
325,283
325,284
325,287
325,288
325,289
325,291
325,292
325,293
325,296
325,297
325,301
325,304
325,307
325,308
325,309
325,311
325,313
325,316
325,317
325,319
325,321
325,323
325,324
326,187
326,197
326,207
326,211
326,213
326,233
326,239
326,241
326,243
326,253
326,257
326,259
326,261
326,263
326,265
326,267
326,269
326,271
326,275
326,277
326,279
326,281
326,283
326,289
326,291
326,293
326,297
326,299
326,301
326,305
326,307
326,309
326,313
326,317
326,319
327,235
327,253
327,257
327,260
327,263
327,266
327,269
327,271
327,272
327,275
327,281
327,284
327,287
327,289
327,292
327,293
327,295
327,296
327,299
327,301
327,305
327,307
327,308
327,311
327,313
327,317
327,320
327,323
327,325
328,229
328,233
328,235
328,239
328,243
328,251
328,253
328,257
328,259
328,261
328,263
328,265
328,269
328,271
328,273
328,275
328,277
328,279
328,281
328,283
328,289
328,291
328,293
328,297
328,299
328,301
328,307
328,309
328,311
328,313
328,315
328,317
328,319
328,321
328,323
328,325
328,327
329,187
329,200
329,204
329,223
329,229
329,239
329,241
329,242
329,243
329,247
329,249
329,251
329,253
329,256
329,257
329,261
329,263
329,267
329,268
329,269
329,271
329,272
329,275
329,276
329,277
329,279
329,281
329,283
329,284
329,285
329,288
329,289
329,291
329,292
329,293
329,295
329,297
329,299
329,300
329,303
329,304
329,305
329,306
329,307
329,309
329,311
329,313
329,314
329,316
329,317
329,319
329,320
329,321
329,323
329,324
329,325
329,327
329,328
330,199
330,241
330,257
330,269
330,271
330,281
330,289
330,293
330,299
330,301
330,311
330,313
331,232
331,243
331,251
331,252
331,253
331,256
331,257
331,259
331,260
331,261
331,262
331,263
331,266
331,268
331,269
331,271
331,272
331,273
331,275
331,276
331,277
331,278
331,279
331,280
331,281
331,283
331,284
331,285
331,287
331,288
331,289
331,291
331,292
331,293
331,295
331,296
331,297
331,299
331,300
331,301
331,303
331,304
331,305
331,307
331,308
331,311
331,312
331,313
331,315
331,316
331,317
331,319
331,320
331,321
331,323
331,324
331,325
331,327
331,328
331,329
332,227
332,229
332,235
332,243
332,253
332,257
332,259
332,261
332,263
332,265
332,269
332,271
332,275
332,277
332,279
332,281
332,283
332,285
332,287
332,289
332,291
332,293
332,297
332,299
332,301
332,303
332,305
332,307
332,309
332,311
332,313
332,315
332,317
332,319
332,321
332,323
332,325
332,327
332,329
332,331
333,221
333,232
333,233
333,256
333,257
333,260
333,262
333,263
333,265
333,266
333,268
333,269
333,271
333,272
333,275
333,277
333,281
333,283
333,284
333,287
333,289
333,292
333,293
333,299
333,301
333,304
333,307
333,308
333,311
333,313
333,316
333,317
333,319
333,320
333,323
333,325
333,326
333,328
333,329
333,331
333,332
334,153
334,225
334,233
334,243
334,253
334,257
334,259
334,261
334,263
334,265
334,269
334,271
334,275
334,277
334,281
334,287
334,289
334,293
334,295
334,297
334,299
334,301
334,311
334,315
334,321
334,325
334,329
334,331
335,188
335,213
335,223
335,242
335,243
335,247
335,257
335,261
335,263
335,269
335,271
335,272
335,277
335,279
335,281
335,283
335,284
335,287
335,288
335,289
335,292
335,293
335,296
335,297
335,299
335,301
335,303
335,304
335,307
335,308
335,309
335,311
335,313
335,314
335,316
335,317
335,319
335,321
335,323
335,324
335,326
335,327
335,328
335,329
335,331
335,332
335,333
336,241
336,257
336,263
336,265
336,269
336,271
336,275
336,277
336,281
336,283
336,289
336,293
336,295
336,299
336,305
336,307
336,311
336,313
336,317
336,319
336,323
336,325
336,331
336,335
337,235
337,247
337,248
337,252
337,257
337,259
337,260
337,261
337,263
337,264
337,265
337,266
337,267
337,269
337,271
337,272
337,275
337,276
337,277
337,279
337,280
337,281
337,283
337,284
337,287
337,288
337,289
337,291
337,292
337,293
337,297
337,299
337,300
337,301
337,303
337,304
337,307
337,308
337,309
337,311
337,313
337,314
337,315
337,316
337,317
337,318
337,319
337,320
337,321
337,323
337,324
337,325
337,327
337,328
337,329
337,331
337,332
337,333
337,334
337,335
337,336
338,183
338,199
338,207
338,225
338,235
338,243
338,259
338,261
338,263
338,265
338,269
338,271
338,275
338,277
338,281
338,283
338,289
338,293
338,295
338,297
338,307
338,321
338,323
338,329
339,199
339,206
339,220
339,221
339,223
339,232
339,247
339,251
339,253
339,256
339,257
339,265
339,266
339,268
339,269
339,271
339,272
339,275
339,277
339,280
339,281
339,283
339,284
339,287
339,289
339,292
339,293
339,295
339,296
339,299
339,301
339,304
339,305
339,307
339,308
339,311
339,313
339,317
339,319
339,320
339,323
339,325
339,326
339,328
339,329
339,331
339,332
339,335
339,337
340,189
340,239
340,241
340,251
340,259
340,261
340,263
340,269
340,271
340,277
340,279
340,281
340,283
340,287
340,291
340,293
340,297
340,299
340,301
340,307
340,309
340,311
340,313
340,317
340,319
340,327
340,329
340,331
340,333
340,337
340,339
341,180
341,227
341,245
341,256
341,261
341,263
341,265
341,267
341,268
341,269
341,271
341,272
341,273
341,276
341,277
341,280
341,281
341,283
341,284
341,287
341,288
341,289
341,292
341,293
341,295
341,296
341,298
341,299
341,300
341,301
341,303
341,304
341,305
341,307
341,309
341,311
341,313
341,315
341,316
341,317
341,318
341,321
341,323
341,324
341,325
341,327
341,329
341,331
341,332
341,333
341,335
341,336
341,337
341,339
341,340
342,241
342,253
342,259
342,263
342,265
342,269
342,271
342,275
342,277
342,281
342,287
342,289
342,293
342,299
342,301
342,307
342,311
342,313
342,319
342,325
342,329
342,331
342,337
342,341
343,248
343,251
343,253
343,257
343,263
343,264
343,265
343,268
343,269
343,271
343,272
343,275
343,277
343,279
343,281
343,283
343,284
343,285
343,288
343,289
343,290
343,291
343,292
343,293
343,295
343,297
343,299
343,300
343,303
343,304
343,306
343,307
343,309
343,311
343,312
343,313
343,314
343,316
343,317
343,318
343,319
343,320
343,321
343,323
343,324
343,325
343,326
343,327
343,328
343,331
343,332
343,333
343,334
343,335
343,337
343,339
343,340
343,341
343,342
344,223
344,241
344,247
344,251
344,261
344,263
344,265
344,269
344,271
344,275
344,277
344,279
344,281
344,283
344,287
344,289
344,293
344,295
344,297
344,299
344,303
344,305
344,307
344,311
344,313
344,315
344,317
344,319
344,321
344,323
344,325
344,327
344,329
344,331
344,333
344,335
344,337
344,339
344,341
344,343
345,214
345,239
345,241
345,263
345,266
345,268
345,269
345,271
345,272
345,274
345,281
345,284
345,287
345,289
345,293
345,301
345,304
345,307
345,311
345,316
345,317
345,328
345,329
345,331
345,332
345,337
345,341
345,344
346,245
346,247
346,251
346,253
346,263
346,269
346,275
346,277
346,279
346,281
346,283
346,285
346,287
346,289
346,293
346,295
346,297
346,299
346,301
346,305
346,307
346,309
346,315
346,321
346,325
346,327
346,329
346,331
346,335
346,337
346,339
346,341
346,343
347,235
347,252
347,256
347,257
347,259
347,263
347,265
347,268
347,269
347,271
347,272
347,273
347,275
347,277
347,279
347,281
347,283
347,284
347,285
347,287
347,288
347,289
347,291
347,292
347,293
347,296
347,297
347,299
347,300
347,301
347,303
347,304
347,305
347,307
347,308
347,311
347,313
347,314
347,315
347,316
347,317
347,319
347,320
347,321
347,322
347,323
347,324
347,325
347,326
347,327
347,328
347,329
347,330
347,331
347,332
347,333
347,334
347,335
347,336
347,337
347,338
347,339
347,340
347,341
347,342
347,343
347,344
347,345
348,245
348,251
348,253
348,265
348,271
348,275
348,277
348,281
348,283
348,287
348,289
348,293
348,299
348,301
348,307
348,311
348,313
348,317
348,323
348,325
348,329
348,331
348,335
348,337
348,341
348,343
348,347
349,241
349,256
349,257
349,261
349,263
349,265
349,266
349,268
349,269
349,271
349,272
349,273
349,275
349,277
349,279
349,280
349,281
349,284
349,287
349,288
349,289
349,291
349,292
349,293
349,295
349,296
349,297
349,299
349,300
349,301
349,303
349,304
349,305
349,307
349,308
349,311
349,312
349,313
349,315
349,316
349,317
349,318
349,319
349,320
349,321
349,323
349,324
349,325
349,326
349,327
349,328
349,329
349,330
349,331
349,332
349,333
349,335
349,336
349,337
349,339
349,340
349,341
349,343
349,344
349,345
349,347
349,348
350,251
350,257
350,269
350,271
350,279
350,281
350,283
350,289
350,291
350,293
350,299
350,307
350,311
350,317
350,319
350,321
350,331
350,339
350,341
351,257
351,263
351,265
351,268
351,269
351,271
351,272
351,275
351,277
351,280
351,281
351,283
351,284
351,287
351,289
351,292
351,293
351,295
351,296
351,301
351,304
351,305
351,307
351,308
351,310
351,311
351,313
351,316
351,317
351,319
351,320
351,323
351,326
351,328
351,329
351,331
351,332
351,335
351,337
351,340
351,341
351,343
351,344
351,346
351,347
351,349
351,350
353,207
353,232
353,240
353,248
353,249
353,255
353,256
353,261
353,262
353,269
353,271
353,275
353,277
353,279
353,280
353,281
353,283
353,284
353,285
353,286
353,287
353,288
353,289
353,290
353,291
353,292
353,293
353,296
353,297
353,299
353,300
353,301
353,303
353,304
353,305
353,307
353,308
353,310
353,311
353,312
353,313
353,315
353,316
353,317
353,319
353,320
353,321
353,323
353,324
353,325
353,326
353,327
353,328
353,329
353,331
353,332
353,333
353,335
353,336
353,337
353,338
353,339
353,340
353,341
353,342
353,343
353,344
353,345
353,346
353,347
353,348
353,349
353,351
353,352
354,191
354,223
354,241
354,259
354,263
354,271
354,275
354,277
354,281
354,283
354,287
354,289
354,293
354,299
354,301
354,305
354,307
354,311
354,313
354,317
354,319
354,323
354,325
354,329
354,331
354,337
354,341
354,347
354,349
355,256
355,263
355,267
355,268
355,269
355,272
355,273
355,277
355,279
355,281
355,282
355,283
355,287
355,288
355,289
355,291
355,292
355,293
355,296
355,297
355,299
355,301
355,304
355,307
355,308
355,311
355,313
355,314
355,316
355,317
355,319
355,321
355,323
355,324
355,326
355,327
355,328
355,329
355,331
355,332
355,333
355,336
355,337
355,338
355,339
355,341
355,342
355,343
355,344
355,346
355,347
355,348
355,349
355,351
355,352
355,353
356,241
356,259
356,261
356,263
356,269
356,271
356,275
356,277
356,279
356,281
356,283
356,287
356,289
356,293
356,295
356,297
356,299
356,301
356,303
356,305
356,307
356,311
356,313
356,315
356,317
356,319
356,321
356,323
356,325
356,327
356,329
356,331
356,333
356,335
356,337
356,339
356,341
356,343
356,345
356,347
356,349
356,351
356,353
356,355
357,251
357,256
357,265
357,268
357,275
357,277
357,281
357,283
357,284
357,290
357,292
357,293
357,295
357,296
357,299
357,304
357,305
357,307
357,310
357,311
357,313
357,314
357,316
357,317
357,319
357,320
357,325
357,328
357,332
357,334
357,335
357,337
357,341
357,344
357,346
357,347
357,349
357,352
357,353
357,355
357,356
358,219
358,235
358,261
358,263
358,269
358,271
358,273
358,275
358,277
358,279
358,281
358,283
358,287
358,289
358,291
358,293
358,295
358,299
358,301
358,303
358,307
358,309
358,311
358,313
358,321
358,323
358,325
358,327
358,333
358,335
358,337
358,339
358,347
358,351
358,355
358,357
359,253
359,257
359,259
359,260
359,261
359,265
359,267
359,268
359,269
359,271
359,275
359,279
359,280
359,281
359,283
359,284
359,285
359,287
359,288
359,289
359,292
359,293
359,295
359,296
359,297
359,299
359,300
359,301
359,304
359,305
359,307
359,308
359,309
359,310
359,311
359,312
359,313
359,315
359,316
359,317
359,318
359,319
359,320
359,321
359,322
359,323
359,324
359,325
359,326
359,327
359,328
359,329
359,331
359,332
359,333
359,335
359,336
359,337
359,339
359,340
359,341
359,342
359,343
359,344
359,345
359,347
359,348
359,349
359,351
359,352
359,353
359,354
359,355
359,356
359,357
359,358
360,251
360,257
360,271
360,277
360,281
360,283
360,287
360,289
360,293
360,299
360,301
360,307
360,311
360,313
360,317
360,319
360,323
360,329
360,331
360,337
360,341
360,343
360,347
360,349
360,353
360,359
361,263
361,268
361,269
361,275
361,277
361,279
361,280
361,281
361,283
361,284
361,287
361,288
361,289
361,292
361,293
361,295
361,297
361,299
361,300
361,301
361,305
361,307
361,308
361,309
361,311
361,313
361,315
361,316
361,317
361,319
361,320
361,321
361,324
361,325
361,326
361,327
361,328
361,329
361,330
361,331
361,332
361,333
361,335
361,336
361,337
361,339
361,340
361,341
361,343
361,344
361,345
361,346
361,347
361,348
361,349
361,350
361,351
361,352
361,353
361,354
361,355
361,356
361,357
361,358
361,359
361,360
362,227
362,231
362,253
362,257
362,263
362,265
362,267
362,269
362,275
362,279
362,281
362,283
362,285
362,287
362,289
362,291
362,293
362,297
362,299
362,301
362,305
362,307
362,309
362,311
362,315
362,317
362,319
362,321
362,323
362,325
362,327
362,329
362,331
362,333
362,337
362,339
362,341
362,345
362,349
362,353
362,355
363,232
363,256
363,263
363,268
363,277
363,281
363,283
363,284
363,287
363,289
363,292
363,293
363,295
363,296
363,298
363,299
363,301
363,304
363,305
363,307
363,311
363,313
363,316
363,317
363,320
363,323
363,325
363,326
363,328
363,329
363,331
363,332
363,335
363,337
363,340
363,343
363,344
363,346
363,347
363,349
363,353
363,355
363,356
363,359
363,361
364,253
364,257
364,269
364,275
364,277
364,281
364,283
364,285
364,289
364,291
364,293
364,295
364,297
364,303
364,305
364,307
364,309
364,311
364,313
364,317
364,319
364,321
364,323
364,331
364,333
364,335
364,337
364,339
364,341
364,345
364,347
364,349
364,353
364,355
364,359
364,361
364,363
365,232
365,253
365,256
365,268
365,269
365,277
365,279
365,281
365,283
365,284
365,287
365,288
365,289
365,293
365,296
365,297
365,299
365,301
365,303
365,304
365,307
365,308
365,311
365,313
365,316
365,317
365,319
365,321
365,323
365,324
365,327
365,328
365,329
365,331
365,332
365,333
365,336
365,337
365,339
365,341
365,342
365,343
365,344
365,346
365,347
365,348
365,349
365,351
365,352
365,353
365,356
365,357
365,358
365,359
365,361
365,363
365,364
366,233
366,265
366,269
366,277
366,281
366,283
366,289
366,293
366,295
366,299
366,301
366,307
366,311
366,313
366,317
366,319
366,323
366,325
366,329
366,331
366,335
366,337
366,343
366,347
366,349
366,355
366,359
366,365
367,206
367,235
367,260
367,265
367,267
367,268
367,272
367,275
367,277
367,281
367,282
367,284
367,285
367,286
367,287
367,289
367,291
367,292
367,293
367,295
367,297
367,299
367,300
367,301
367,304
367,305
367,306
367,307
367,308
367,311
367,313
367,314
367,315
367,316
367,317
367,319
367,320
367,321
367,323
367,324
367,325
367,326
367,327
367,328
367,329
367,330
367,331
367,332
367,333
367,334
367,335
367,336
367,337
367,338
367,339
367,340
367,341
367,343
367,344
367,347
367,348
367,349
367,351
367,352
367,353
367,354
367,355
367,356
367,357
367,359
367,360
367,361
367,363
367,364
367,365
367,366
368,225
368,247
368,249
368,261
368,265
368,267
368,269
368,277
368,281
368,285
368,287
368,289
368,293
368,295
368,297
368,307
368,311
368,313
368,315
368,317
368,319
368,321
368,323
368,325
368,329
368,331
368,333
368,335
368,337
368,339
368,341
368,343
368,347
368,349
368,351
368,353
368,355
368,359
368,361
368,363
368,365
368,367
369,256
369,263
369,265
369,272
369,275
369,277
369,281
369,283
369,286
369,289
369,292
369,293
369,295
369,296
369,299
369,301
369,304
369,305
369,307
369,308
369,310
369,311
369,313
369,314
369,316
369,317
369,319
369,320
369,322
369,323
369,325
369,329
369,331
369,332
369,337
369,340
369,341
369,343
369,344
369,347
369,349
369,350
369,352
369,353
369,355
369,356
369,358
369,359
369,361
369,362
369,364
369,367
369,368
370,263
370,281
370,283
370,287
370,289
370,293
370,297
370,299
370,301
370,303
370,307
370,309
370,311
370,313
370,317
370,319
370,323
370,329
370,331
370,337
370,339
370,341
370,343
370,351
370,353
370,363
370,367
370,369
371,204
371,211
371,241
371,256
371,263
371,268
371,269
371,271
371,272
371,279
371,283
371,284
371,285
371,288
371,289
371,291
371,292
371,293
371,295
371,296
371,297
371,299
371,300
371,304
371,305
371,307
371,311
371,312
371,316
371,317
371,319
371,320
371,321
371,323
371,324
371,325
371,326
371,327
371,328
371,330
371,331
371,332
371,333
371,334
371,335
371,337
371,338
371,339
371,340
371,341
371,342
371,344
371,345
371,346
371,347
371,348
371,349
371,351
371,352
371,353
371,354
371,355
371,356
371,359
371,360
371,361
371,362
371,363
371,365
371,367
371,368
371,369
371,370
372,239
372,251
372,253
372,265
372,275
372,277
372,281
372,287
372,289
372,293
372,299
372,301
372,307
372,311
372,313
372,317
372,319
372,323
372,325
372,329
372,331
372,335
372,337
372,343
372,349
372,353
372,355
372,359
372,361
372,365
372,367
372,371
373,252
373,253
373,256
373,265
373,266
373,272
373,276
373,278
373,279
373,281
373,284
373,285
373,287
373,288
373,289
373,291
373,292
373,293
373,296
373,297
373,299
373,300
373,301
373,304
373,307
373,308
373,309
373,311
373,313
373,314
373,315
373,316
373,317
373,318
373,319
373,320
373,321
373,323
373,324
373,325
373,327
373,328
373,329
373,331
373,332
373,333
373,335
373,336
373,337
373,339
373,340
373,341
373,342
373,343
373,344
373,345
373,346
373,347
373,348
373,349
373,351
373,352
373,353
373,355
373,356
373,357
373,358
373,359
373,360
373,361
373,363
373,364
373,365
373,367
373,368
373,369
373,370
373,371
373,372
374,263
374,267
374,271
374,279
374,281
374,283
374,287
374,291
374,293
374,299
374,301
374,305
374,307
374,311
374,313
374,315
374,317
374,321
374,325
374,329
374,331
374,333
374,335
374,337
374,347
374,351
374,353
374,361
374,367
374,369
374,371
375,266
375,268
375,269
375,281
375,283
375,284
375,289
375,292
375,293
375,296
375,298
375,299
375,301
375,304
375,307
375,308
375,311
375,313
375,314
375,316
375,317
375,319
375,322
375,323
375,326
375,328
375,329
375,331
375,332
375,337
375,341
375,343
375,344
375,347
375,349
375,352
375,353
375,356
375,359
375,361
375,364
375,367
375,368
375,371
375,373
375,374
376,217
376,257
376,269
376,279
376,281
376,283
376,287
376,289
376,291
376,293
376,295
376,299
376,301
376,303
376,305
376,307
376,311
376,313
376,315
376,317
376,319
376,321
376,323
376,325
376,327
376,331
376,333
376,335
376,337
376,339
376,341
376,343
376,345
376,347
376,349
376,351
376,353
376,355
376,357
376,359
376,361
376,363
376,365
376,367
376,369
376,371
376,373
376,375
377,229
377,231
377,253
377,255
377,256
377,267
377,269
377,277
377,281
377,283
377,285
377,287
377,289
377,291
377,293
377,297
377,300
377,301
377,303
377,304
377,305
377,307
377,308
377,311
377,313
377,314
377,315
377,316
377,317
377,320
377,321
377,324
377,326
377,328
377,329
377,331
377,332
377,333
377,334
377,335
377,336
377,337
377,339
377,341
377,342
377,343
377,344
377,347
377,349
377,352
377,353
377,354
377,355
377,356
377,357
377,358
377,359
377,360
377,361
377,363
377,365
377,366
377,367
377,368
377,369
377,370
377,371
377,372
377,373
377,374
377,375
377,376
378,229
378,265
378,281
378,283
378,289
378,293
378,299
378,305
378,307
378,311
378,313
378,317
378,319
378,323
378,325
378,331
378,335
378,337
378,341
378,353
378,355
378,359
378,361
378,365
378,373
378,377
379,184
379,195
379,232
379,235
379,253
379,256
379,265
379,266
379,268
379,269
379,272
379,273
379,275
379,277
379,279
379,280
379,283
379,284
379,287
379,288
379,289
379,292
379,293
379,295
379,296
379,297
379,298
379,299
379,300
379,301
379,304
379,305
379,306
379,307
379,308
379,309
379,310
379,311
379,312
379,313
379,314
379,315
379,316
379,317
379,318
379,319
379,320
379,321
379,324
379,325
379,327
379,328
379,329
379,330
379,331
379,332
379,333
379,334
379,335
379,336
379,337
379,338
379,339
379,340
379,341
379,343
379,344
379,345
379,347
379,348
379,349
379,350
379,351
379,352
379,353
379,354
379,355
379,356
379,357
379,358
379,359
379,360
379,361
379,362
379,363
379,364
379,365
379,367
379,368
379,369
379,371
379,372
379,373
379,374
379,375
379,376
379,377
379,378
380,269
380,273
380,279
380,281
380,283
380,289
380,291
380,293
380,297
380,299
380,301
380,307
380,311
380,313
380,317
380,319
380,321
380,327
380,329
380,331
380,333
380,337
380,339
380,343
380,347
380,349
380,351
380,353
380,357
380,359
380,363
380,367
380,369
380,371
380,373
380,377
380,379
